# Created by Octave 6.4.0, Tue Jun 27 03:42:39 2023 EEST <horia@horia-zenbook-ux3402za>
# name: Matrix
# type: matrix
# rows: 18
# columns: 18
 0 1 0 0 0 0 0 0 0 0 0 0 0 0 0 0 0 0
 0.25 0 0.25 0 0 0.25 0 0 0 0 0 0 0 0 0 0 0 0.25
 0 0.5 0 0.5 0 0 0 0 0 0 0 0 0 0 0 0 0 0
 0 0 0.5 0 0 0 0 0.5 0 0 0 0 0 0 0 0 0 0
 0 0 0 0 0 0 0 0 0 0 0 0 0 0 0 0 1 0
 0 0.5 0 0 0 0 0 0 0 0.5 0 0 0 0 0 0 0 0
 0 0 0 0 0 0 0 0 0 0 1 0 0 0 0 0 0 0
 0 0 0 0.5 0 0 0 0 0 0 0 0.5 0 0 0 0 0 0
 0 0 0 0 0 0 0 0 0 0.5 0 0 0 0 0 0 0.5 0
 0 0 0 0 0 0.33333333333333331 0 0 0.33333333333333331 0 0.33333333333333331 0 0 0 0 0 0 0
 0 0 0 0 0 0 0.33333333333333331 0 0 0.33333333333333331 0 0 0 0 0.33333333333333331 0 0 0
 0 0 0 0 0 0 0 1 0 0 0 0 0 0 0 0 0 0
 0 0 0 0 0 0 0 0 0 0 0 0 0 0 0 0 1 0
 0 0 0 0 0 0 0 0 0 0 0 0 0 0 0.5 0 0 0.5
 0 0 0 0 0 0 0 0 0 0 0.33333333333333331 0 0 0.33333333333333331 0 0.33333333333333331 0 0
 0 0 0 0 0 0 0 0 0 0 0 0 0 0 0.5 0 0.5 0
 0 0 0 0 0 0 0 0 0 0 0 0 0 0 0 0 1 0
 0 0 0 0 0 0 0 0 0 0 0 0 0 0 0 0 0 1


